version https://git-lfs.github.com/spec/v1
oid sha256:eaa2373be7a05c9cc4af182073f183de8aa58599f2e39611862e280ea386acfe
size 573212
